Lambda,Intensity
504.1799,0.0
504.552804636568,0.0
504.925663386272,0.0
505.29847624911196,0.0
505.67124322508795,0.0
506.04396431419997,0.0
506.41663951644796,0.0
506.789268831832,0.0
507.161852260352,0.0
507.5343898020079,0.0
507.90688145679997,0.0
508.279327224728,0.0
508.65172710579196,0.0
509.024081099992,0.0
509.396389207328,0.0
509.76865142779997,0.0
510.14086776140795,950.9354482758621
510.51303820815195,963.1385172413793
510.885162768032,992.5162758620688
511.257241441048,980.3132068965517
511.62927422719997,985.5108103448277
512.001261126488,996.5839655172415
512.373202138912,978.5053448275861
512.745097264472,1009.2389999999999
513.1169465031679,1033.6451379310345
513.488749855,1030.0294137931037
513.860507319968,1023.9278793103447
514.232218898072,1014.4366034482758
514.603884589312,1025.5097586206896
514.975504393688,1032.0632586206898
515.3470783111999,1048.5600000000002
515.7186063418479,1032.7412068965518
516.0900884856319,1063.0228965517242
516.461524742552,1041.5545344827588
516.8329151126079,1047.882051724138
517.2042595958,1064.378793103448
517.575558192128,1057.5993103448277
517.946810901592,1066.4126379310344
518.318017724192,1079.0676724137932
518.689178659928,1082.4574137931033
519.0602937088,1075.451948275862
519.431362870808,1067.9945172413793
519.8023861459519,1071.3842586206897
520.173363534232,1061.667
520.5442950356479,1046.3001724137932
520.9151806502,1070.7063103448277
521.286020377888,1066.1866551724138
521.6568142187119,1069.802379310345
522.027562172672,1066.6386206896552
522.398264239768,1078.389724137931
522.76892042,1057.3733275862069
523.139530713368,1082.4574137931036
523.5100951198721,1079.0676724137932
523.880613639512,1063.9268275862069
524.2510862722879,1070.7063103448277
524.6215130182,1075.9039137931036
524.9918938772479,1065.5087068965518
525.362228849432,1082.683396551724
525.732517934752,1053.9835862068965
526.102761133208,1073.1921206896554
526.4729584447999,1068.2205
526.843109869528,1057.5993103448277
527.213215407392,1076.3558793103448
527.583275058392,1058.9552068965518
527.9532888225281,1063.700844827586
528.3232566997999,1071.6102413793103
528.6931786902079,1053.3056379310342
529.0630547937519,1058.5032413793103
529.432885010432,1066.6386206896552
529.8026693402479,1052.175724137931
530.1724077832,1058.9552068965518
530.542100339288,1062.344948275862
530.911747008512,1051.271793103448
531.281347790872,1056.0174310344828
531.650902686368,1053.9835862068965
532.020411695,1060.3111034482758
532.389874816768,1059.1811896551724
532.759292051672,1033.871120689655
533.128663399712,1083.8133103448274
533.497988860888,1055.791448275862
533.8672684351999,1064.1528103448277
534.236502122648,1042.9104310344828
534.6056899232319,1060.3111034482758
534.9748318369519,1051.7237586206898
535.343927863808,1055.5654655172414
535.7129780038,1072.2881896551723
536.081982256928,1087.2030517241378
536.450940623192,1064.8307586206897
536.819853102592,1055.1135
537.1887196951279,1063.022896551724
537.5575404007999,1074.774
537.9263152196079,1060.0851206896555
538.2950441515519,1064.3787931034483
538.663727196632,1058.051275862069
539.0323643548479,1052.6276896551722
539.4009556262,1060.3111034482758
539.769501010688,1060.3111034482758
540.138000508312,1063.700844827586
540.506454119072,1053.9835862068967
540.874861842968,1060.0851206896552
541.24322368,1071.158275862069
541.611539630168,1070.254344827586
541.9798096934719,1059.1811896551724
542.3480338699119,1054.6615344827587
542.7162121594879,1062.1189655172416
543.0843445621999,1082.005448275862
543.452431078048,1057.825293103448
543.820471707032,1086.2991206896552
544.188466449152,1071.3842586206897
544.556415304408,1074.5480172413795
544.9243182728,1058.729224137931
545.292175354328,1070.9322931034483
545.659986548992,1049.9158965517242
546.027751856792,1061.4410172413795
546.3954712777279,1063.700844827586
546.7631448118,1076.129896551724
547.130772459008,1068.898448275862
547.498354219352,1067.0905862068964
547.8658900928319,1054.435551724138
548.233380079448,1071.158275862069
548.6008241792,1068.6724655172416
548.968222392088,1078.6157068965517
549.335574718112,1051.0458103448277
549.702881157272,1058.9552068965518
550.0701417095679,1053.0796551724138
550.4373563749999,1041.5545344827585
550.804525153568,1084.4912586206897
551.1716480452719,1065.0567413793103
551.5387250501119,1049.6899137931036
551.9057561680879,1063.9268275862069
552.2727413992,1053.3056379310344
552.639680743448,1058.9552068965518
553.006574200832,1060.3111034482758
553.373421771352,1047.2041034482759
553.740223455008,1099.4061206896552
554.1069792518,1071.8362241379311
554.473689161728,1061.2150344827583
554.840353184792,1062.1189655172416
555.2069713209919,1063.4748620689656
555.573543570328,1058.0512758620691
555.9400699327999,1054.8875172413793
556.3065504084079,1077.033827586207
556.672984997152,1072.0622068965517
557.039373699032,1046.5261551724138
557.405716514048,1079.9716034482758
557.7720134422,1058.9552068965518
558.138264483488,1053.0796551724138
558.504469637912,1065.2827241379312
558.8706289054719,1070.7063103448277
559.2367422861679,1066.8646034482758
559.6028097799999,1056.9213620689654
559.968831386968,1045.3962413793104
560.3348071070719,1082.6833965517242
560.7007369403119,1078.6157068965517
561.0666208866879,1066.1866551724138
561.4324589462,1063.7008448275863
561.798251118848,1073.1921206896554
562.163997404632,1062.5709310344828
562.529697803552,1060.3111034482758
562.895352315608,1060.3111034482758
563.2609609408,1071.1582758620689
563.6265236791279,1072.7401551724138
563.9920405305919,1076.8078448275862
564.3575114951919,1060.085120689655
564.722936572928,1062.5709310344828
565.0883157638,1069.8023793103448
565.453649067808,1058.2772586206897
565.818936484952,1057.8252931034483
566.184178015232,1080.1975862068966
566.549373658648,1048.56
566.9145234152,1053.5316206896553
567.2796272848881,1060.0851206896552
567.6446852677119,1058.729224137931
568.0096973636719,1076.355879310345
568.374663572768,1073.6440862068966
568.7395838949999,1056.6953793103448
569.104458330368,1043.1364137931037
569.4692868788719,1067.0905862068964
569.834069540512,1075.2259655172413
570.198806315288,1072.0622068965517
570.5634972032,1070.4803275862068
570.928142204248,1071.158275862069
571.292741318432,1079.5196379310344
571.6572945457519,1065.2827241379312
572.021801886208,1071.8362241379311
572.3862633397999,1060.0851206896555
572.7506789065279,1075.9039137931036
573.1150485863919,1066.8646034482758
573.479372379392,1058.9552068965518
573.8436502855279,1066.1866551724136
574.2078823048,1072.5141724137932
574.572068437208,1071.6102413793103
574.936208682752,1074.322034482759
575.300303041432,1055.791448275862
575.664351513248,1068.6724655172413
576.0283540982,1070.7063103448277
576.3923107962879,1048.56
576.756221607512,1075.6779310344828
577.120086531872,1045.3962413793104
577.483905569368,1059.6331551724138
577.84767872,1072.2881896551723
578.2114059837679,1069.1244310344828
578.575087360672,1074.7740000000001
578.938722850712,1082.9093793103448
579.302312453888,1074.548017241379
579.6658561702,1055.1135
580.029353999648,1058.9552068965518
580.3928059422319,1069.3504137931036
580.7562119979519,1047.2041034482759
581.119572166808,1070.4803275862068
581.4828864488,1063.022896551724
581.8461548439279,1069.8023793103448
582.209377352192,1065.7346896551726
582.572553973592,1064.1528103448277
582.935684708128,1067.3165689655175
583.2987695557999,1053.7576034482759
583.661808516608,1067.0905862068964
584.024801590552,1074.774
584.387748777632,1067.0905862068964
584.750650077848,1064.604775862069
585.1135054911999,1067.5425517241379
585.476315017688,1091.2707413793105
585.8390786573119,1062.7969137931034
586.201796410072,1054.6615344827583
586.564468275968,1051.0458103448275
586.9270942549999,1058.5032413793103
587.289674347168,1064.1528103448277
587.652208552472,1072.7401551724138
588.014696870912,1074.7740000000001
588.377139302488,1073.870068965517
588.7395358472,1071.158275862069
589.1018865050479,1068.6724655172413
589.4641912760319,1070.7063103448277
589.8264501601519,1093.0786034482758
590.188663157408,1063.4748620689654
590.5508302677999,1064.1528103448275
590.9129514913279,1062.5709310344828
591.275026827992,1060.085120689655
591.637056277792,1066.4126379310344
591.999039840728,1063.0228965517242
592.3609775168,1079.9716034482758
592.722869306008,1064.3787931034483
593.0847152083519,1060.9890517241377
593.4465152238321,1066.4126379310346
593.808269352448,1074.9999827586207
594.1699775942,1060.9890517241379
594.5316399490879,1086.7510862068966
594.893256417112,1079.2936551724138
595.2548269982719,1052.6276896551724
595.616351692568,1058.9552068965518
595.9778305,1073.1921206896552
596.339263420568,1090.1408275862068
596.700650454272,1072.7401551724138
597.061991601112,1056.9213620689654
597.4232868610881,1067.0905862068967
597.7845362341999,1071.158275862069
598.145739720448,1055.791448275862
598.506897319832,1077.0338275862068
598.8680090323519,1055.5654655172414
599.229074858008,1070.4803275862068
599.5900947967999,1070.9322931034483
599.951068848728,1071.158275862069
600.3119970137919,1062.7969137931034
600.672879291992,1079.5196379310348
601.033715683328,1074.3220344827587
601.3945061878001,1061.4410172413793
601.7552508054079,1060.085120689655
602.115949536152,1079.9716034482758
602.476602380032,1079.5196379310346
602.837209337048,1061.2150344827587
603.1977704072,1077.2598103448277
603.5582855904879,1071.158275862069
603.918754886912,1063.926827586207
604.279178296472,1067.0905862068967
604.639555819168,1040.8765862068967
604.999887455,1072.0622068965517
605.360173203968,1065.0567413793103
605.7204130660721,1065.9606724137934
606.0806070413121,1076.355879310345
606.4407551296879,1050.3678620689655
606.8008573312,1082.9093793103448
607.1609136458479,1049.6899137931036
607.5209240736319,1068.6724655172413
607.880888614552,1078.6157068965517
608.240807268608,1075.9039137931034
608.6006800358,1080.4235689655175
608.960506916128,1056.0174310344828
609.320287909592,1100.310051724138
609.680023016192,1074.5480172413795
610.039712235928,1070.480327586207
610.3993555687999,1065.0567413793103
610.758953014808,1069.1244310344828
611.1185045739519,1076.355879310345
611.478010246232,1082.2314310344827
611.837470031648,1045.8482068965518
612.1968839302,1052.4017068965518
612.5562519418879,1084.265275862069
612.915574066712,1075.451948275862
613.274850304672,1087.8809999999999
613.634080655768,1071.3842586206897
613.99326512,1053.7576034482759
614.352403697368,1063.4748620689659
614.711496387872,1068.2205000000001
615.0705431915119,1073.8700689655172
615.4295441082879,1069.3504137931034
615.7884991382,1070.254344827586
616.147408281248,1062.5709310344828
616.506271537432,1066.8646034482758
616.865088906752,1064.378793103448
617.223860389208,1062.344948275862
617.5825859848,1063.0228965517242
617.941265693528,1054.2095689655173
618.299899515392,1086.2991206896552
618.658487450392,1075.677931034483
619.0170294985279,1074.0960517241379
619.3755256597999,1065.7346896551724
619.7339759342079,1078.8416896551723
620.092380321752,1070.254344827586
620.450738822432,1054.435551724138
620.809051436248,1051.9497413793101
621.1673181632,1086.9770689655172
621.525539003288,1080.4235689655172
621.883713956512,1079.2936551724138
622.241843022872,1078.6157068965517
622.599926202368,1061.4410172413795
622.957963495,1074.774
623.315954900768,1054.435551724138
623.6739004196719,1064.1528103448277
624.0318000517119,1078.3897241379311
624.389653796888,1072.7401551724138
624.7474616551999,1073.8700689655175
625.105223626648,1080.8755344827587
625.462939711232,1071.3842586206897
625.820609908952,1076.3558793103448
626.178234219808,1053.3056379310344
626.5358126438,1068.6724655172413
626.893345180928,1079.7456206896554
627.250831831192,1077.2598103448277
627.6082725945919,1062.3449482758622
627.965667471128,1094.8864655172413
628.3230164608,1074.9999827586207
628.6803195636079,1069.576396551724
629.037576779552,1076.8078448275862
629.3947881086319,1063.9268275862069
629.7519535508479,1065.7346896551724
630.1090731062,1042.9104310344826
630.466146774688,1076.1298965517242
630.823174556312,1083.3613448275862
631.180156451072,1071.1582758620689
631.5370924589679,1052.1757241379312
631.89398258,1060.3111034482758
632.2508268141679,1084.7172413793103
632.6076251614719,1054.8875172413796
632.9643776219119,1084.265275862069
633.321084195488,1079.5196379310346
633.6777448821999,1060.3111034482758
634.0343596820479,1050.8198275862069
634.3909285950319,1060.5370862068964
634.747451621152,1075.2259655172415
635.103928760408,1085.1692068965517
635.4603600127999,1087.6550172413793
635.816745378328,1082.005448275862
636.1730848569919,1052.4017068965518
636.5293784487919,1066.8646034482758
636.8856261537279,1086.5251034482758
637.2418279717999,1057.825293103448
637.597983903008,1063.700844827586
637.954093947352,1053.9835862068965
638.310158104832,1058.50324137931
638.666176375448,1067.9945172413795
639.0221487592,1071.158275862069
639.378075256088,1072.7401551724138
639.7339558661121,1063.7008448275863
640.089790589272,1069.8023793103448
640.445579425568,1060.3111034482758
640.8013223749999,1063.2488793103448
641.1570194375679,1066.1866551724138
641.5126706132719,1069.576396551724
641.8682759021119,1066.6386206896552
642.223835304088,1050.1418793103448
642.5793488191999,1059.1811896551726
642.934816447448,1060.5370862068962
643.290238188832,1061.4410172413793
643.645614043352,1091.9486896551725
644.000944011008,1074.774
644.3562280918001,1072.2881896551723
644.711466285728,1056.0174310344828
645.0666585927919,1067.7685344827585
645.421805012992,1083.8133103448276
645.776905546328,1052.6276896551724
646.1319601928,1062.570931034483
646.486968952408,1094.2085172413792
646.841931825152,1056.469396551724
647.1968488110319,1060.0851206896552
647.551719910048,1073.1921206896552
647.9065451222,1076.5818620689656
648.261324447488,1087.4290344827587
648.6160578859119,1057.825293103448
648.970745437472,1079.9716034482758
649.325387102168,1054.6615344827585
649.6799828799999,1070.9322931034483
650.034532770968,1070.0283620689654
650.389036775072,1075.9039137931036
650.743494892312,1081.1015172413795
651.097907122688,1058.2772586206897
651.4522734662,1060.9890517241379
651.806593922848,1047.4300862068965
652.1608684926321,1059.4071724137932
652.5150971755519,1046.5261551724138
652.8692799716081,1070.9322931034483
653.2234168808,1065.5087068965518
653.577507903128,1076.3558793103448
653.9315530385919,1078.1637413793103
654.285552287192,1070.2543448275862
654.639505648928,1049.4639310344828
654.9934131238,1082.683396551724
655.3472747118079,1073.4181034482758
655.701090412952,1060.9890517241379
656.054860227232,1055.1135
656.4085841546479,1079.9716034482758
656.7622621952,1074.9999827586207
657.1158943488879,1061.2150344827587
657.469480615712,1068.898448275862
657.823020995672,1086.7510862068966
658.1765154887679,1095.5644137931035
658.529964095,1065.7346896551724
658.883366814368,1077.4857931034483
659.236723646872,1070.254344827586
659.590034592512,1066.8646034482758
659.943299651288,1063.022896551724
660.2965188232,1064.6047758620691
660.649692108248,1063.4748620689656
661.0028195064319,1065.0567413793103
661.355901017752,1082.683396551724
661.708936642208,1067.5425517241379
662.0619263798,1058.9552068965518
662.414870230528,1063.2488793103448
662.7677681943919,1080.4235689655172
663.120620271392,1064.3787931034483
663.473426461528,1066.4126379310344
663.8261867648,1066.4126379310344
664.178901181208,1058.9552068965518
664.531569710752,1067.7685344827587
664.8841923534319,1061.667
665.236769109248,1093.9825344827586
665.5892999782,1071.6102413793105
665.9417849602879,1070.2543448275865
666.2942240555119,1063.700844827586
666.6466172638719,1063.2488793103446
666.998964585368,1049.0119655172416
667.3512660199999,1076.5818620689656
667.703521567768,1077.711775862069
668.055731228672,1080.1975862068962
668.407895002712,1069.1244310344828
668.760012889888,1075.451948275862
669.1120848902,1058.2772586206897
669.4641110036479,1067.7685344827587
669.816091230232,1067.0905862068967
670.168025569952,1059.1811896551728
670.5199140228079,1074.322034482759
670.8717565887999,1069.1244310344828
671.223553267928,1065.0567413793103
671.575304060192,1078.3897241379314
671.927008965592,1067.9945172413793
672.278667984128,1065.282724137931
672.6302811158,1071.158275862069
672.981848360608,1072.2881896551726
673.3333697185519,1077.485793103448
673.684845189632,1064.3787931034483
674.0362747738479,1075.2259655172413
674.3876584712,1065.960672413793
674.738996281688,1065.5087068965518
675.0902882053119,1068.6724655172416
675.441534242072,1064.8307586206897
675.792734391968,1067.5425517241379
676.143888655,1071.836224137931
676.4949970311679,1081.5534827586205
676.846059520472,1055.1135
677.1970761229119,1074.5480172413795
677.5480468384881,1079.0676724137932
677.8989716671999,1067.7685344827585
678.2498506090479,1078.8416896551723
678.600683664032,1078.6157068965517
678.9514708321519,1080.4235689655172
679.3022121134079,1077.711775862069
679.6529075077999,1077.2598103448274
680.0035570153279,1062.7969137931034
680.354160635992,1078.3897241379311
680.704718369792,1047.6560689655173
681.055230216728,1068.446482758621
681.4056961768,1083.1353620689656
681.756116250008,1075.9039137931036
682.106490436352,1064.1528103448277
682.4568187358319,1071.1582758620689
682.8071011484479,1072.2881896551726
683.1573376742,1071.3842586206897
683.507528313088,1068.2205
683.857673065112,1054.2095689655173
684.207771930272,1064.1528103448277
684.557824908568,1064.6047758620691
684.907832,1073.4181034482758
685.257793204568,1076.807844827586
685.6077085222719,1067.7685344827587
685.957577953112,1070.2543448275865
686.3074014970879,1070.9322931034483
686.6571791542,1051.0458103448277
687.006910924448,1067.0905862068964
687.3565968078319,1059.1811896551724
687.706236804352,1088.1069827586205
688.055830914008,1077.9377586206897
688.4053791368,1080.6495517241378
688.754881472728,1064.8307586206897
689.104337921792,1085.1692068965517
689.4537484839921,1072.7401551724138
689.8031131593281,1071.3842586206897
690.1524319477999,1064.604775862069
690.501704849408,1076.3558793103448
690.8509318641519,1078.3897241379314
691.2001129920319,1066.4126379310344
691.5492482330479,1087.2030517241378
691.8983375872,1091.0447586206897
692.247381054488,1062.5709310344828
692.596378634912,1069.3504137931034
692.945330328472,1057.373327586207
693.294236135168,1073.4181034482758
693.643096055,1058.729224137931
693.9919100879679,1083.3613448275862
694.340678234072,1074.9999827586207
694.689400493312,1066.1866551724138
695.0380768656879,1068.4464827586207
695.3867073511999,1075.6779310344828
695.7352919498479,1061.6670000000001
696.083830661632,1054.887517241379
696.4323234865519,1083.3613448275862
696.780770424608,1054.2095689655173
697.1291714758,1058.051275862069
697.477526640128,1067.0905862068964
697.825835917592,1066.6386206896552
698.174099308192,1072.2881896551723
698.5223168119279,1076.8078448275862
698.8704884288001,1081.1015172413793
699.2186141588079,1064.1528103448277
699.566694001952,1068.6724655172416
699.914727958232,1073.6440862068964
700.2627160276479,1070.7063103448277
700.6106582102,1053.0796551724138
700.958554505888,1067.7685344827587
701.306404914712,1071.1582758620686
701.654209436672,1070.9322931034483
702.001968071768,1056.695379310345
702.3496808199999,1068.2205
702.697347681368,1066.6386206896555
703.0449686558719,1059.4071724137932
703.392543743512,1060.9890517241379
703.7400729442879,1046.5261551724138
704.0875562581999,1060.7630689655175
704.434993685248,1076.1298965517242
704.782385225432,1056.9213620689657
705.129730878752,1078.1637413793103
705.477030645208,1098.5021896551723
705.8242845248,1072.9661379310346
706.1714925175279,1058.2772586206897
706.518654623392,1050.3678620689657
706.865770842392,1053.9835862068965
707.212841174528,1076.355879310345
707.5598656197999,1063.4748620689654
707.906844178208,1058.7292241379314
708.253776849752,1068.4464827586207
708.600663634432,1082.6833965517244
708.947504532248,1078.1637413793103
709.2942995431999,1071.836224137931
709.641048667288,1066.4126379310344
709.987751904512,1073.6440862068964
710.334409254872,1069.8023793103446
710.6810207183679,1090.3668103448276
711.027586295,1072.7401551724138
711.3741059847679,1065.05674137931
711.7205797876719,1073.8700689655172
712.067007703712,1053.9835862068967
712.4133897328879,1080.649551724138
712.7597258751999,1077.2598103448277
713.106016130648,1084.7172413793105
713.452260499232,1062.5709310344828
713.798458980952,1049.9158965517245
714.144611575808,1076.129896551724
714.4907182837999,1095.5644137931035
714.836779104928,1056.469396551724
715.1827940391919,1075.451948275862
715.5287630865919,1072.9661379310346
715.8746862471279,1058.7292241379312
716.2205635207999,1083.1353620689654
716.5663949076079,1068.898448275862
716.912180407552,1062.3449482758622
717.257920020632,1074.7740000000001
717.6036137468479,1057.147344827586
717.9492615862,1069.124431034483
718.294863538688,1094.6604827586207
718.640419604312,1066.638620689655
718.9859297830719,1055.791448275862
719.331394074968,1065.7346896551724
719.67681248,1063.2488793103446
720.022184998168,1066.8646034482758
720.3675116294719,1076.3558793103448
720.712792373912,1066.4126379310346
721.0580272314879,1065.2827241379312
721.4032162021999,1074.774
721.748359286048,1069.8023793103448
722.093456483032,1078.3897241379311
722.438507793152,1071.158275862069
722.7835132164079,1065.9606724137932
723.1284727528,1061.667
723.473386402328,1063.926827586207
723.8182541649919,1076.1298965517242
724.1630760407919,1068.6724655172416
724.5078520297279,1075.6779310344828
724.8525821318,1068.4464827586207
725.1972663470079,1068.8984482758622
725.5419046753519,1056.469396551724
725.886497116832,1068.898448275862
726.231043671448,1080.1975862068966
726.5755443392,1067.5425517241379
726.919999120088,1067.9945172413795
727.264408014112,1097.1462931034482
727.6087710212719,1070.4803275862068
727.953088141568,1064.8307586206897
728.2973593749999,1067.7685344827585
728.6415847215679,1073.4181034482758
728.985764181272,1049.915896551724
729.3298977541119,1070.0283620689654
729.673985440088,1053.3056379310347
730.0180272392,1060.7630689655173
730.3620231514479,1067.7685344827587
730.705973176832,1092.1746724137934
731.0498773153519,1056.4693965517242
731.393735567008,1065.5087068965518
731.7375479317999,1063.9268275862069
732.081314409728,1065.5087068965518
732.4250350007919,1049.6899137931036
732.7687097049919,1086.5251034482758
733.112338522328,1063.700844827586
733.4559214528,1062.5709310344828
733.799458496408,1055.3394827586208
734.142949653152,1086.2991206896552
734.486394923032,1066.6386206896552
734.8297943060479,1080.8755344827587
735.1731478022,1063.0228965517242
735.5164554114879,1086.7510862068964
735.8597171339119,1072.9661379310346
736.2029329694719,1065.7346896551724
736.5461029181679,1061.441017241379
736.88922698,1078.389724137931
737.232305154968,1065.960672413793
737.5753374430719,1068.898448275862
737.918323844312,1064.1528103448277
738.261264358688,1069.8023793103446
738.6041589862,1089.0109137931036
738.947007726848,1067.9945172413793
739.2898105806319,1063.7008448275863
739.6325675475521,1074.9999827586205
739.975278627608,1074.0960517241379
740.3179438207999,1072.5141724137932
740.660563127128,1076.3558793103446
741.0031365465919,1061.2150344827585
741.3456640791919,1069.1244310344828
741.688145724928,1065.7346896551724
742.0305814838,1067.3165689655173
742.372971355808,1068.4464827586207
742.715315340952,1073.1921206896554
743.0576134392319,1075.9039137931036
743.399865650648,1060.7630689655173
743.7420719751999,1057.825293103448
744.0842324128879,1068.446482758621
744.4263469637119,1063.2488793103446
744.768415627672,1068.898448275862
745.1104384047679,1065.7346896551724
745.4524152949999,1083.1353620689656
745.7943462983679,1073.6440862068964
746.136231414872,1053.0796551724138
746.478070644512,1061.8929827586205
746.819863987288,1065.960672413793
747.1616114432001,1074.3220344827585
747.5033130122479,1079.5196379310346
747.844968694432,1045.8482068965518
748.1865784897519,1065.05674137931
748.5281423982079,1049.0119655172414
748.8696604198,1081.5534827586207
749.2111325545279,1065.5087068965518
749.552558802392,1067.5425517241379
749.893939163392,1075.2259655172415
750.2352736375279,1063.4748620689656
750.5765622247999,1060.9890517241379
750.917804925208,1072.514172413793
751.2590017387519,1077.0338275862068
751.600152665432,1059.8591379310346
751.941257705248,1073.1921206896554
752.2823168582,1067.9945172413793
752.6233301242879,1084.71724137931
752.964297503512,1069.576396551724
753.305218995872,1067.7685344827585
753.646094601368,1061.8929827586205
753.98692432,1064.1528103448277
754.327708151768,1055.791448275862
754.668446096672,1087.2030517241378
755.0091381547119,1072.5141724137927
755.349784325888,1063.926827586207
755.6903846101999,1068.2205
756.030939007648,1082.005448275862
756.3714475182319,1068.2205
756.711910141952,1072.0622068965517
757.052326878808,1079.0676724137932
757.3926977287999,1070.9322931034483
757.733022691928,1085.621172413793
758.073301768192,1066.1866551724138
758.413534957592,1081.3274999999999
758.7537222601279,1075.2259655172413
759.0938636758,1069.3504137931036
759.433959204608,1064.8307586206897
759.7740088465521,1070.7063103448277
760.1140126016319,1060.5370862068967
760.4539704698481,1057.373327586207
760.7938824511999,1066.1866551724138
761.1337485456879,1071.836224137931
761.473568753312,1060.5370862068964
761.813343074072,1062.7969137931034
762.153071507968,1071.6102413793103
762.492754055,1079.067672413793
762.832390715168,1051.2717931034483
763.1719814884719,1060.9890517241379
763.511526374912,1078.3897241379311
763.8510253744879,1085.621172413793
764.1904784872,1072.0622068965517
764.529885713048,1081.1015172413793
764.8692470520319,1080.6495517241378
765.2085625041519,1058.051275862069
765.547832069408,1055.5654655172414
765.8870557478,1062.1189655172416
766.226233539328,1071.836224137931
766.5653654439919,1061.441017241379
766.9044514617918,1086.5251034482758
767.243491592728,1068.898448275862
767.5824858368,1055.3394827586203
767.921434194008,1052.853672413793
768.2603366643519,1070.4803275862068
768.599193247832,1084.4912586206897
768.9380039444479,1097.8242413793103
769.2767687541999,1048.56
769.6154876770879,1062.7969137931032
769.954160713112,1068.898448275862
770.292787862272,1038.8427413793106
770.6313691245679,1082.6833965517242
770.9699045,1082.4574137931036
771.3083939885679,1065.05674137931
771.6468375902721,1078.3897241379311
771.9852353051119,1067.0905862068964
772.323587133088,1069.3504137931036
772.6618930742,1078.3897241379311
773.0001531284479,1067.5425517241379
773.338367295832,1072.9661379310344
773.676535576352,1076.129896551724
774.014657970008,1049.4639310344826
774.3527344768,1064.1528103448275
774.690765096728,1084.943224137931
775.0287498297919,1064.1528103448277
775.366688675992,1085.6211724137931
775.7045816353279,1081.5534827586205
776.0424287078,1062.344948275862
776.3802298934079,1066.4126379310346
776.7179851921519,1067.316568965517
777.0556946040319,1060.5370862068964
777.393358129048,1091.7227068965517
777.7309757672,1065.5087068965518
778.068547518488,1072.5141724137932
778.406073382912,1090.1408275862068
778.7435533604719,1066.1866551724138
779.080987451168,1086.0731379310346
779.4183756549999,1073.6440862068964
779.755717971968,1078.6157068965517
780.093014402072,1068.2205
780.430264945312,1080.1975862068966
780.7674696016879,1079.7456206896554
781.1046283712,1078.8416896551723
781.4417412538479,1079.5196379310344
781.778808249632,1067.3165689655173
782.115829358552,1076.3558793103448
782.452804580608,1074.9999827586207
782.7897339158,1068.4464827586205
783.1266173641279,1069.8023793103448
783.463454925592,1075.9039137931036
783.8002466001919,1063.9268275862069
784.136992387928,1074.774
784.4736922888,1083.8133103448276
784.810346302808,1067.0905862068967
785.146954429952,1078.16374137931
785.483516670232,1067.0905862068964
785.820033023648,1068.4464827586207
786.1565034902,1070.7063103448277
786.492928069888,1066.1866551724138
786.8293067627119,1067.7685344827585
787.165639568672,1090.8187758620688
787.501926487768,1082.9093793103448
787.8381675200001,1073.6440862068964
788.1743626653679,1061.667
788.5105119238721,1054.435551724138
788.8466152955119,1067.3165689655175
789.1826727802879,1083.361344827586
789.5186843782,1083.8133103448276
789.854650089248,1070.4803275862068
790.190569913432,1078.6157068965517
790.5264438507519,1076.1298965517242
790.862271901208,1074.3220344827587
791.1980540647999,1062.1189655172413
791.5337903415281,1083.3613448275862
791.869480731392,1074.5480172413795
792.2051252343921,1069.3504137931036
792.5407238505279,1068.6724655172413
792.8762765798,1066.638620689655
793.211783422208,1077.7117758620689
793.547244377752,1078.8416896551723
793.882659446432,1072.2881896551723
794.218028628248,1063.9268275862069
794.5533519232,1070.9322931034483
794.8886293312879,1085.169206896552
795.223860852512,1076.8078448275865
795.5590464868719,1076.807844827586
795.894186234368,1059.4071724137932
796.2292800949999,1083.1353620689656
796.564328068768,1073.6440862068964
796.8993301556719,1080.1975862068964
797.2342863557119,1090.818775862069
797.5691966688879,1086.0731379310346
797.9040610952,1067.5425517241379
798.238879634648,1072.5141724137932
798.5736522872319,1059.8591379310342
798.908379052952,1072.0622068965517
799.2430599318079,1065.960672413793
799.5776949238,1077.2598103448277
799.912284028928,1056.9213620689657
800.2468272471921,1066.864603448276
800.581324578592,1077.9377586206897
800.9157760231279,1060.9890517241379
801.2501815807999,1074.3220344827587
801.584541251608,1067.5425517241379
801.9188550355519,1077.711775862069
802.253122932632,1070.7063103448277
802.587344942848,1078.1637413793105
802.9215210662,1070.7063103448277
803.255651302688,1060.5370862068964
803.5897356523119,1064.1528103448277
803.923774115072,1072.2881896551726
804.257766690968,1050.8198275862069
804.59171338,1071.3842586206895
804.9256141821679,1064.1528103448277
805.259469097472,1077.2598103448277
805.593278125912,1066.8646034482758
805.927041267488,1065.960672413793
806.2607585222,1070.480327586207
806.5944298900479,1072.9661379310344
806.928055371032,1076.5818620689656
807.2616349651519,1056.4693965517242
807.595168672408,1063.248879310345
807.9286564928,1081.1015172413793
808.2620984263281,1061.2150344827587
808.595494472992,1088.558948275862
808.928844632792,1065.960672413793
809.2621489057279,1063.700844827586
809.5954072917999,1072.7401551724138
809.928619791008,1080.6495517241378
810.261786403352,1083.1353620689654
810.594907128832,1083.3613448275862
810.9279819674479,1073.4181034482758
811.2610109192,1085.3951896551723
811.5939939840879,1074.7740000000001
811.926931162112,1070.254344827586
812.2598224532719,1054.8875172413793
812.5926678575679,1082.909379310345
812.9254673749999,1073.4181034482758
813.258221005568,1073.1921206896552
813.5909287492719,1073.1921206896554
813.9235906061119,1070.0283620689656
814.256206576088,1083.3613448275864
814.5887766591999,1064.3787931034483
814.921300855448,1068.6724655172416
815.2537791648319,1073.4181034482758
815.5862115873521,1073.6440862068964
815.9185981230079,1070.7063103448277
816.2509387718,1087.203051724138
816.5832335337279,1074.7740000000001
816.915482408792,1063.0228965517242
817.247685396992,1078.1637413793103
817.5798424983279,1062.7969137931036
817.9119537128,1067.5425517241379
818.2440190404079,1052.175724137931
818.576038481152,1082.6833965517242
818.9080120350319,1054.8875172413793
819.239939702048,1086.525103448276
819.5718214821999,1040.8765862068965
819.903657375488,1080.8755344827584
820.235447381912,1071.6102413793105
820.5671915014719,1062.3449482758622
820.8988897341679,1070.254344827586
821.23054208,1068.898448275862
821.562148538968,1085.1692068965517
821.893709111072,1074.774
822.225223796312,1073.1921206896552
822.5566925946879,1072.7401551724138
822.8881155062,1065.9606724137932
823.2194925308479,1059.8591379310346
823.550823668632,1079.7456206896552
823.8821089195519,1069.1244310344825
824.213348283608,1081.3275
824.5445417607999,1074.5480172413793
824.8756893511279,1068.8984482758622
825.2067910545919,1070.0283620689654
825.537846871192,1072.9661379310344
825.868856800928,1068.2205
826.1998208437999,1074.9999827586207
826.530738999808,1077.0338275862068
826.861611268952,1075.2259655172415
827.192437651232,1082.005448275862
827.5232181466479,1063.248879310345
827.8539527552,1073.4181034482758
828.1846414768879,1074.3220344827585
828.515284311712,1078.6157068965517
828.845881259672,1074.999982758621
829.176432320768,1066.638620689655
829.506937495,1070.480327586207
829.8373967823679,1080.4235689655172
830.167810182872,1096.694327586207
830.4981776965119,1065.0567413793106
830.828499323288,1073.1921206896554
831.1587750631999,1064.1528103448277
831.4890049162481,1084.71724137931
831.819188882432,1052.6276896551724
832.149326961752,1050.1418793103448
832.4794191542079,1050.1418793103446
832.8094654598,1062.1189655172413
833.139465878528,1086.2991206896552
833.469420410392,1065.0567413793103
833.799329055392,1079.5196379310344
834.1291918135279,1054.209568965517
834.4590086848,1064.1528103448275
834.7887796692079,1074.7740000000001
835.118504766752,1054.435551724138
835.4481839774319,1074.0960517241379
835.7778173012481,1065.5087068965518
836.1074047382,1058.2772586206897
836.4369462882879,1070.480327586207
836.766441951512,1071.8362241379314
837.095891727872,1069.8023793103446
837.425295617368,1050.5938448275863
837.75465362,1066.1866551724138
838.083965735768,1084.4912586206897
838.4132319646719,1087.4290344827587
838.742452306712,1082.9093793103448
839.071626761888,1058.9552068965518
839.4007553302,1073.1921206896554
839.729838011648,1051.0458103448277
840.058874806232,1078.389724137931
840.3878657139519,1072.9661379310346
840.716810734808,1077.2598103448277
841.0457098687999,1072.5141724137932
841.374563115928,1075.451948275862
841.7033704761919,1074.3220344827587
842.0321319495919,1063.7008448275865
842.360847536128,1061.892982758621
842.6895172357999,1044.718293103448
843.0181410486081,1059.1811896551726
843.3467189745519,1074.9999827586205
843.675251013632,1067.3165689655173
844.003737165848,1070.4803275862068
844.3321774312,1061.4410172413793
844.660571809688,1073.1921206896552
844.988920301312,1061.441017241379
845.317222906072,1059.4071724137932
845.6454796239678,1091.9486896551723
845.973690455,1090.1408275862068
846.301855399168,1091.2707413793103
846.629974456472,1073.1921206896552
846.9580476269119,1060.7630689655173
847.2860749104881,1058.9552068965518
847.6140563071999,1051.0458103448277
847.9419918170479,1078.3897241379311
848.2698814400319,1067.0905862068964
848.5977251761519,1086.7510862068966
848.925523025408,1073.1921206896552
849.2532749878,1070.9322931034483
849.580981063328,1080.4235689655175
849.9086412519919,1072.5141724137932
850.236255553792,1078.6157068965517
850.5638239687279,1055.3394827586208
850.8913464968,1054.2095689655173
851.2188231380079,1069.1244310344828
851.546253892352,1070.254344827586
851.8736387598319,1068.898448275862
852.2009777404479,1071.6102413793103
852.5282708341999,1053.3056379310344
852.855518041088,1084.0392931034482
853.1827193611119,1066.1866551724138
853.5098747942719,1080.6495517241378
853.836984340568,1084.4912586206895
854.1640479999999,1065.960672413793
854.491065772568,1081.5534827586205
854.8180376582719,1070.9322931034485
855.144963657112,1065.7346896551726
855.471843769088,1054.435551724138
855.7986779941999,1063.4748620689654
856.1254663324479,1071.1582758620689
856.452208783832,1072.0622068965517
856.7789053483519,1077.4857931034483
857.105556026008,1077.485793103448
857.4321608168,1080.8755344827587
857.7587197207279,1069.1244310344828
858.085232737792,1067.9945172413793
858.411699867992,1056.9213620689657
858.738121111328,1075.451948275862
859.0644964677999,1074.3220344827585
859.390825937408,1080.4235689655175
859.7171095201519,1068.2205
860.043347216032,1066.6386206896552
860.369539025048,1078.8416896551726
860.6956849472,1067.0905862068964
861.021784982488,1062.344948275862
861.3478391309119,1067.5425517241379
861.673847392472,1082.909379310345
861.9998097671679,1065.05674137931
862.3257262550001,1060.3111034482758
862.6515968559679,1076.5818620689656
862.9774215700719,1080.4235689655172
863.3032003973119,1075.2259655172413
863.628933337688,1076.5818620689656
863.9546203911999,1066.1866551724138
864.280261557848,1062.7969137931034
864.605856837632,1073.4181034482758
864.9314062305518,1056.0174310344823
865.256909736608,1067.3165689655173
865.5823673557999,1070.0283620689656
865.907779088128,1058.9552068965518
866.2331449335919,1070.0283620689654
866.558464892192,1066.1866551724138
866.883738963928,1074.3220344827585
867.2089671488,1072.9661379310346
867.534149446808,1082.4574137931033
867.8592858579519,1073.192120689655
868.184376382232,1064.6047758620691
868.509421019648,1051.0458103448277
868.8344197701999,1063.9268275862069
869.1593726338879,1084.9432241379309
869.4842796107121,1072.2881896551723
869.809140700672,1059.8591379310342
870.1339559037681,1074.774
870.4587252199999,1090.1408275862068
870.783448649368,1071.158275862069
871.108126191872,1077.0338275862068
871.432757847512,1052.4017068965518
871.7573436162879,1050.593844827586
872.0818834982,1084.0392931034482
872.406377493248,1081.3274999999999
872.7308256014319,1063.700844827586
873.055227822752,1079.5196379310341
873.3795841572079,1065.282724137931
873.7038946048,1080.1975862068966
874.0281591655279,1068.6724655172413
874.352377839392,1072.2881896551723
874.676550626392,1089.2368965517242
875.000677526528,1067.9945172413793
875.3247585398,1079.971603448276
875.648793666208,1056.2434137931036
875.972782905752,1070.7063103448277
876.2967262584319,1094.2085172413795
876.6206237242479,1075.2259655172413
876.9444753031999,1058.051275862069
877.268280995288,1066.1866551724138
877.5920408005119,1074.5480172413793
877.915754718872,1070.9322931034483
878.2394227503679,1066.1866551724138
878.563044895,1054.6615344827587
878.8866211527679,1061.667
879.2101515236719,1083.1353620689654
879.533636007712,1071.1582758620689
879.857074604888,1074.0960517241379
880.1804673152,1069.8023793103448
880.5038141386478,1060.085120689655
880.827115075232,1064.1528103448277
881.1503701249519,1061.2150344827587
881.473579287808,1067.5425517241379
881.7967425638,1059.6331551724138
882.119859952928,1073.8700689655172
882.4429314551919,1062.3449482758622
882.765957070592,1084.0392931034482
883.088936799128,1087.881
883.4118706408,1067.9945172413793
883.734758595608,1078.841689655172
884.057600663552,1075.2259655172413
884.380396844632,1062.3449482758622
884.7031471388478,1072.7401551724138
885.0258515462,1063.248879310345
885.3485100666879,1074.774
885.671122700312,1049.6899137931034
885.9936894470719,1069.1244310344828
886.316210306968,1057.8252931034483
886.6386852799999,1053.7576034482759
886.961114366168,1060.9890517241379
887.283497565472,1065.5087068965518
887.605834877912,1053.3056379310347
887.9281263034879,1062.5709310344826
888.2503718421999,1070.932293103448
888.572571494048,1091.0447586206897
888.8947252590319,1059.407172413793
889.216833137152,1087.881
889.538895128408,1088.7849310344827
889.8609112327999,1072.5141724137932
890.182881450328,1069.3504137931036
890.504805780992,1081.1015172413793
890.826684224792,1066.1866551724138
891.148516781728,1062.1189655172416
891.4703034518,1077.2598103448277
891.7920442350079,1077.0338275862068
892.113739131352,1056.2434137931036
892.435388140832,1069.1244310344828
892.7569912634481,1071.158275862069
893.0785484991999,1076.807844827586
893.4000598480881,1054.435551724138
893.7215253101119,1080.4235689655175
894.0429448852719,1063.2488793103448
894.364318573568,1069.5763965517242
894.6856463749999,1083.1353620689656
895.006928289568,1051.0458103448277
895.328164317272,1075.451948275862
895.6493544581119,1076.129896551724
895.9704987120879,1077.033827586207
896.2915970792,1058.5032413793103
896.6126495594478,1077.9377586206897
896.933656152832,1064.3787931034483
897.2546168593519,1067.0905862068967
897.5755316790079,1067.5425517241379
897.8964006117999,1068.4464827586205
898.2172236577279,1074.0960517241379
898.538000816792,1052.4017068965518
898.8587320889919,1073.8700689655172
899.179417474328,1075.2259655172415
899.5000569727998,1071.6102413793103
899.820650584408,1070.480327586207
900.141198309152,1060.3111034482758
900.461700147032,1063.0228965517242
900.782156098048,1077.7117758620689
901.1025661622,1060.3111034482758
901.422930339488,1079.9716034482758
901.7432486299119,1083.587327586207
902.0635210334719,1074.0960517241379
902.383747550168,1077.033827586207
902.7039281799999,1081.1015172413793
903.024062922968,1072.2881896551723
903.344151779072,1060.3111034482758
903.6641947483118,1077.2598103448277
903.984191830688,1073.6440862068964
904.3041430261999,1078.1637413793103
904.624048334848,1068.4464827586205
904.9439077566319,1071.1582758620689
905.263721291552,1081.3275
905.583488939608,1082.6833965517242
905.9032107008,1077.9377586206895
906.222886575128,1039.068724137931
906.542516562592,1058.2772586206897
906.862100663192,1085.3951896551723
907.1816388769279,1075.2259655172415
907.5011312038,1064.604775862069
907.820577643808,1066.1866551724138
908.139978196952,1076.129896551724
908.4593328632319,1058.2772586206895
908.778641642648,1077.9377586206897
909.0979045352,1081.7794655172413
909.4171215408879,1058.051275862069
909.7362926597119,1069.8023793103448
910.0554178916719,1060.5370862068964
910.374497236768,1065.5087068965518
910.6935306949998,1067.316568965517
911.012518266368,1095.112448275862
911.3314599508719,1063.022896551724
911.650355748512,1047.882051724138
911.9692056592879,1050.3678620689657
912.2880096832,1074.3220344827587
912.6067678202479,1069.1244310344825
912.925480070432,1074.3220344827585
913.2441464337519,1056.9213620689657
913.562766910208,1063.022896551724
913.8813414998,1061.667
914.199870202528,1078.6157068965517
914.518353018392,1063.4748620689656
914.8367899473919,1067.7685344827585
915.155180989528,1060.0851206896552
915.4735261447998,1055.7914482758622
915.791825413208,1063.2488793103448
916.1100787947519,1081.7794655172415
916.428286289432,1059.8591379310346
916.7464478972479,1063.4748620689654
917.0645636181999,1067.5425517241379
917.3826334522879,1058.2772586206897
917.700657399512,1070.2543448275862
918.018635459872,1089.236896551724
918.3365676333678,1069.8023793103446
918.65445392,1079.7456206896552
918.9722943197679,1074.9999827586207
919.290088832672,1070.2543448275862
919.6078374587119,1059.8591379310344
919.925540197888,1051.0458103448275
920.2431970501999,1070.4803275862068
920.5608080156479,1072.7401551724138
920.878373094232,1063.9268275862073
921.1958922859519,1070.7063103448277
921.513365590808,1048.3340172413796
921.8307930088,1088.1069827586207
922.1481745399279,1080.8755344827587
922.4655101841919,1079.7456206896552
922.782799941592,1071.6102413793105
923.1000438121279,1060.7630689655173
923.4172417958,1065.9606724137932
923.734393892608,1070.254344827586
924.0515001025519,1065.0567413793103
924.3685604256319,1067.0905862068967
924.685574861848,1079.9716034482758
925.0025434112,1074.3220344827585
925.319466073688,1062.7969137931034
925.636342849312,1076.8078448275862
925.9531737380719,1063.7008448275863
926.269958739968,1074.774
926.5866978549999,1066.8646034482758
926.903391083168,1072.2881896551723
927.2200384244719,1071.61024137931
927.5366398789121,1080.6495517241378
927.8531954464879,1050.8198275862069
928.1697051271999,1054.2095689655175
928.4861689210479,1057.8252931034483
928.802586828032,1053.3056379310347
929.1189588481519,1062.1189655172413
929.435284981408,1055.791448275862
929.7515652278,1058.729224137931
930.0677995873278,1071.8362241379311
930.383988059992,1063.2488793103448
930.7001306457919,1072.0622068965517
931.016227344728,1083.3613448275862
931.3322781567999,1073.6440862068966
931.648283082008,1060.085120689655
931.964242120352,1050.3678620689657
932.280155271832,1067.3165689655173
932.596022536448,1056.9213620689654
932.9118439142,1057.373327586207
933.227619405088,1039.9726551724139
933.5433490091119,1071.158275862069
933.859032726272,1056.9213620689657
934.1746705565679,1058.9552068965518
934.4902625,1058.5032413793103
934.805808556568,1054.2095689655173
935.1213087262719,1070.9322931034483
935.4367630091119,1056.469396551724
935.7521714050879,1064.1528103448277
936.0675339142,1065.7346896551724
936.3828505364479,1082.6833965517242
936.698121271832,1065.282724137931
937.0133461203519,1065.2827241379312
937.328525082008,1069.3504137931036
937.6436581567999,1071.8362241379311
937.958745344728,1064.6047758620691
938.2737866457919,1073.1921206896552
938.588782059992,1070.9322931034483
938.9037315873279,1067.0905862068964
939.2186352278,1076.5818620689656
939.5334929814079,1094.6604827586207
939.848304848152,1085.169206896552
940.163070828032,1069.1244310344825
940.4777909210479,1077.2598103448277
940.7924651272,1063.4748620689654
941.1070934464879,1074.0960517241379
941.421675878912,1068.6724655172413
941.7362124244719,1069.3504137931034
942.0507030831681,1081.1015172413795
942.3651478549999,1069.3504137931036
942.6795467399679,1061.8929827586207
942.993899738072,1080.1975862068966
943.308206849312,1070.254344827586
943.622468073688,1072.9661379310344
943.9366834112,1092.1746724137931
944.250852861848,1078.389724137931
944.5649764256318,1070.2543448275865
944.879054102552,1074.5480172413793
945.1930858926079,1066.6386206896555
945.5070717958,1038.8427413793102
945.821011812128,1066.4126379310346
946.134905941592,1066.4126379310342
946.4487541841919,1060.3111034482758
946.7625565399279,1066.1866551724138
947.0763130088,1065.05674137931
947.3900235908079,1084.0392931034482
947.703688285952,1089.4628793103448
948.017307094232,1065.0567413793106
948.330880015648,1064.8307586206897
948.6444070501999,1061.667
948.957888197888,1071.6102413793105
949.2713234587119,1055.791448275862
949.584712832672,1072.740155172414
949.8980563197679,1079.0676724137934
950.21135392,1074.774
950.524605633368,1067.0905862068967
950.837811459872,1083.8133103448276
951.150971399512,1057.8252931034483
951.4640854522879,1062.7969137931036
951.7771536182,1063.248879310345
952.0901758972478,1063.0228965517242
952.403152289432,1088.3329655172415
952.7160827947519,1058.0512758620691
953.028967413208,1061.4410172413793
953.3418061447999,1063.2488793103448
953.654598989528,1070.7063103448277
953.9673459473919,1074.0960517241379
954.280047018392,1044.266327586207
954.5927022025279,1087.4290344827587
954.9053114998,1086.5251034482758
955.2178749102079,1062.1189655172416
955.5303924337519,1059.8591379310344
955.842864070432,1074.3220344827587
956.1552898202478,1063.248879310345
956.4676696832,1074.322034482759
956.7800036592879,1071.158275862069
957.092291748512,1050.8198275862069
957.404533950872,1075.2259655172415
957.7167302663679,1064.8307586206897
958.028880695,1076.129896551724
958.340985236768,1072.2881896551723
958.6530438916719,1068.4464827586207
958.965056659712,1073.6440862068966
959.277023540888,1081.3274999999999
959.5889445351999,1065.5087068965515
959.900819642648,1068.446482758621
960.212648863232,1061.667
960.524432196952,1061.667
960.8361696438079,1077.2598103448277
961.1478612038,1067.0905862068964
961.4595068769279,1048.5600000000002
961.771106663192,1060.5370862068967
962.082660562592,1088.3329655172415
962.394168575128,1082.6833965517242
962.7056307007999,1082.4574137931033
963.0170469396079,1058.0512758620691
963.328417291552,1082.005448275862
963.6397417566319,1063.7008448275863
963.951020334848,1054.6615344827587
964.2622530261999,1094.8864655172415
964.573439830688,1062.5709310344826
964.8845807483119,1064.3787931034483
965.195675779072,1060.9890517241379
965.5067249229679,1087.4290344827587
965.8177281799999,1070.7063103448277
966.1286855501679,1066.8646034482758
966.439597033472,1071.836224137931
966.750462629912,1075.2259655172413
967.0612823394879,1055.3394827586208
967.3720561622,1059.8591379310344
967.6827840980479,1077.0338275862068
967.993466147032,1058.0512758620687
968.304102309152,1075.6779310344828
968.614692584408,1065.282724137931
968.9252369727999,1082.2314310344827
969.235735474328,1066.6386206896552
969.5461880889919,1073.1921206896552
969.8565948167919,1069.1244310344825
970.166955657728,1077.7117758620689
970.4772706117999,1061.4410172413795
970.787539679008,1075.9039137931036
971.0977628593519,1062.344948275862
971.407940152832,1062.7969137931034
971.7180715594479,1062.7969137931036
972.0281570792,1075.9039137931034
972.3381967120879,1057.3733275862069
972.6481904581119,1081.1015172413793
972.958138317272,1063.4748620689654
973.2680402895679,1074.3220344827587
973.5778963749999,1082.4574137931036
973.8877065735679,1083.8133103448276
974.197470885272,1074.774
974.507189310112,1044.266327586207
974.816861848088,1061.8929827586207
975.1264884991999,1067.0905862068964
975.436069263448,1067.316568965517
975.7456041408319,1076.5818620689656
976.0550931313519,1080.8755344827587
976.3645362350079,1070.254344827586
976.6739334517999,1049.0119655172414
976.983284781728,1094.8864655172415
977.292590224792,1077.4857931034483
977.601849780992,1068.6724655172413
977.911063450328,1065.282724137931
978.2202312328,1088.558948275862
978.5293531284079,1073.6440862068966
978.8384291371519,1063.2488793103446
979.147459259032,1066.1866551724136
979.456443494048,1069.8023793103448
979.7653818422,1084.0392931034485
980.0742743034879,1073.1921206896552
980.383120877912,1061.4410172413795
980.6919215654721,1051.7237586206898
981.000676366168,1051.7237586206898
981.3093852799999,1088.7849310344827
981.618048306968,1076.129896551724
981.9266654470721,1065.2827241379312
982.2352367003118,1047.6560689655175
982.5437620666879,1061.2150344827587
982.8522415462,1067.090586206897
983.1606751388479,1071.3842586206895
983.4690628446318,1074.5480172413793
983.7774046635519,1060.5370862068967
984.085700595608,1064.1528103448277
984.3939506408,1070.0283620689654
984.7021547991278,1075.451948275862
985.010313070592,1073.4181034482758
985.3184254551921,1068.4464827586207
985.626491952928,1067.3165689655173
985.9345125637999,1065.0567413793106
986.242487287808,1084.71724137931
986.5504161249519,1076.3558793103446
986.8582990752318,1077.4857931034483
987.166136138648,1058.9552068965518
987.4739273152001,1057.147344827586
987.781672604888,1080.6495517241378
988.0893720077119,1070.2543448275862
988.397025523672,1069.5763965517242
988.7046331527681,1077.711775862069
989.012194895,1065.0567413793103
989.3197107503679,1065.7346896551726
989.6271807188721,1080.6495517241378
989.9346048005119,1064.8307586206897
990.2419829952878,1082.6833965517242
990.5493153031999,1074.9999827586207
990.8566017242481,1072.7401551724138
991.1638422584319,1074.9999827586207
991.4710369057518,1067.0905862068967
991.778185666208,1074.774
992.0852885398001,1054.8875172413793
992.392345526528,1076.3558793103448
992.6993566263919,1049.0119655172414
993.0063218393921,1075.451948275862
993.3132411655279,1069.5763965517242
993.6201146047998,1057.147344827586
993.9269421572079,1071.158275862069
994.233723822752,1080.1975862068969
994.540459601432,1086.0731379310346
994.8471494932478,1077.2598103448277
995.1537934982,1058.5032413793103
995.4603916162881,1053.757603448276
995.7669438475119,1065.0567413793103
996.0734501918719,1070.7063103448277
996.379910649368,1058.5032413793103
996.6863252200001,1067.0905862068964
996.9926939037678,1077.711775862069
997.2990167006719,1055.1135000000002
997.605293610712,1075.2259655172415
997.9115246338879,1063.0228965517242
998.2177097701998,1063.926827586207
998.523849019648,1064.8307586206897
998.829942382232,1064.8307586206897
999.1359898579519,1061.441017241379
999.4419914468078,1059.1811896551724
999.7479471488,1059.4071724137932
1000.0538569639281,1077.2598103448277
1000.3597208921921,1066.6386206896552
1000.665538933592,1061.4410172413795
1000.971311088128,1063.4748620689656
1001.2770373558,1075.451948275862
1001.5827177366078,1060.7630689655173
1001.888352230552,1073.8700689655172
1002.1939408376321,1072.0622068965517
1002.499483557848,1057.8252931034483
1002.8049803911998,1086.0731379310346
1003.1104313376879,1066.6386206896552
1003.4158363973121,1069.3504137931034
1003.721195570072,1058.729224137931
1004.0265088559679,1067.9945172413793
1004.331776255,1062.344948275862
1004.6369977671679,1080.6495517241378
1004.9421733924718,1069.802379310345
1005.247303130912,1077.711775862069
1005.5523869824881,1079.0676724137932
1005.8574249472,1047.882051724138
1006.1624170250478,1060.0851206896552
1006.467363216032,1063.022896551724
1006.7722635201521,1065.7346896551721
1007.077117937408,1064.8307586206897
1007.3819264677999,1067.0905862068964
1007.686689111328,1063.9268275862069
1007.991405867992,1086.9770689655172
1008.2960767377919,1071.1582758620689
1008.6007017207279,1074.3220344827587
1008.9052808168001,1075.9039137931036
1009.209814026008,1086.5251034482758
1009.5143013483519,1075.9039137931036
1009.818742783832,1084.0392931034482
1010.1231383324481,1065.0567413793103
1010.4274879942,1074.5480172413793
1010.7317917690879,1076.807844827586
1011.036049657112,1082.2314310344825
1011.3402616582719,1077.9377586206897
1011.6444277725678,1064.1528103448277
1011.948548,1063.7008448275863
1012.252622340568,1074.774
1012.556650794272,1070.7063103448277
1012.8606333611118,1069.3504137931034
1013.1645700410879,1065.0567413793106
1013.4684608342001,1070.9322931034483
1013.772305740448,1043.362396551724
1014.0761047598319,1073.6440862068969
1014.379857892352,1085.621172413793
1014.6835651380081,1074.3220344827587
1014.9872264967997,1068.2205
1015.2908419687279,1053.0796551724138
1015.594411553792,1070.254344827586
1015.897935251992,1058.7292241379312
1016.2014130633278,1081.7794655172413
1016.5048449878,1065.9606724137934
1016.8082310254081,1070.0283620689656
1017.111571176152,1067.542551724138
1017.4148654400319,1061.2150344827585
1017.718113817048,1069.8023793103448
1018.0213163072001,1074.5480172413793
1018.324472910488,1082.683396551724
1018.6275836269119,1068.4464827586207
1018.930648456472,1083.1353620689656
1019.2336673991679,1080.4235689655172
1019.5366404549998,1076.5818620689656
1019.8395676239679,1067.7685344827585
1020.1424489060721,1074.774
1020.445284301312,1066.1866551724138
1020.7480738096879,1070.4803275862068
1021.0508174312,1075.451948275862
1021.3535151658481,1060.9890517241379
1021.656167013632,1065.0567413793103
1021.958772974552,1061.2150344827587
1022.261333048608,1066.1866551724138
1022.5638472357999,1080.4235689655172
1022.8663155361278,1065.2827241379312
1023.1687379495919,1067.0905862068964
1023.471114476192,1070.2543448275862
1023.773445115928,1082.2314310344827
1024.0757298688,1091.2707413793105
1024.377968734808,1077.711775862069
1024.6801617139522,1076.807844827586
1024.982308806232,1058.051275862069
1025.2844100116479,1071.3842586206897
1025.5864653302,1085.6211724137931
1025.888474761888,1059.1811896551726
1026.1904383067117,1066.4126379310344
1026.492355964672,1079.2936551724138
1026.7942277357681,1062.1189655172413
1027.09605362,1075.9039137931036
1027.3978336173677,1060.5370862068964
1027.699567727872,1069.3504137931036
1028.0012559515121,1071.3842586206897
1028.302898288288,1071.8362241379311
1028.6044947382,1071.158275862069
1028.906045301248,1054.6615344827585
1029.2075499774319,1072.514172413793
1029.5090087667518,1068.4464827586205
1029.810421669208,1051.9497413793101
1030.1117886848,1056.695379310345
1030.4131098135279,1051.7237586206898
1030.7143850553919,1061.4410172413793
1031.015614410392,1082.2314310344825
1031.3167978785282,1079.7456206896554
1031.6179354598,1057.3733275862073
1031.919027154208,1084.265275862069
1032.220072961752,1075.451948275862
1032.521072882432,1074.0960517241379
1032.8220269162478,1075.451948275862
1033.1229350632,1072.2881896551723
1033.423797323288,1067.9945172413793
1033.7246136965118,1078.8416896551723
1034.025384182872,1066.8646034482758
1034.326108782368,1071.6102413793105
1034.6267874950001,1082.683396551724
1034.9274203207679,1062.5709310344828
1035.2280072596718,1072.0622068965517
1035.528548311712,1052.853672413793
1035.829043476888,1081.553482758621
1036.1294927552,1067.0905862068964
1036.429896146648,1072.0622068965517
1036.730253651232,1079.9716034482758
1037.030565268952,1080.8755344827584
1037.3308309998079,1054.8875172413796
1037.6310508438,1082.4574137931036
1037.931224800928,1076.3558793103448
1038.231352871192,1072.514172413793
1038.5314350545918,1058.5032413793103
1038.831471351128,1067.3165689655173
1039.1314617608,1090.818775862069
1039.4314062836079,1067.5425517241379
1039.7313049195518,1060.3111034482758
1040.031157668632,1061.2150344827587
1040.330964530848,1062.5709310344828
1040.6307255061997,1068.898448275862
1040.930440594688,1088.3329655172415
1041.230109796312,1058.0512758620691
1041.529733111072,1080.1975862068966
1041.8293105389678,1074.0960517241379
1042.12884208,1074.5480172413795
1042.428327734168,1056.9213620689657
1042.727767501472,1081.7794655172413
1043.0271613819118,1083.8133103448276
1043.326509375488,1061.2150344827585
1043.6258114821999,1075.451948275862
1043.9250677020477,1064.1528103448277
1044.2242780350318,1063.700844827586
1044.523442481152,1076.8078448275862
1044.822561040408,1067.7685344827587
1045.1216337127998,1081.7794655172415
1045.420660498328,1069.3504137931036
1045.719641396992,1065.5087068965518
1046.018576408792,1069.1244310344825
1046.317465533728,1067.0905862068964
1046.6163087718,1076.5818620689654
1046.915106123008,1078.389724137931
1047.2138575873519,1072.9661379310344
1047.5125631648318,1055.7914482758617
1047.811222855448,1077.711775862069
1048.1098366592,1071.8362241379311
1048.4084045760878,1058.9552068965518
1048.706926606112,1072.9661379310346
1049.005402749272,1082.6833965517242
1049.3038330055679,1063.4748620689654
1049.6022173749998,1058.051275862069
1049.900555857568,1075.4519482758622
1050.1988484532721,1071.3842586206897
1050.4970951621117,1063.7008448275863
1050.795295984088,1082.005448275862
1051.0934509192,1084.2652758620693
1051.3915599674478,1071.1582758620686
1051.6896231288317,1083.1353620689656
1051.9876404033519,1069.1244310344828
1052.285611791008,1058.9552068965518
1052.5835372918,1077.0338275862068
1052.8814169057277,1066.6386206896552
1053.179250632792,1066.1866551724138
1053.477038472992,1074.9999827586205
1053.774780426328,1079.9716034482758
1054.0724764928,1056.0174310344826
1054.370126672408,1057.373327586207
1054.6677309651518,1063.0228965517242
1054.9652893710318,1078.6157068965517
1055.262801890048,1073.8700689655172
1055.5602685222,1073.192120689655
1055.857689267488,1056.469396551724
1056.1550641259118,1077.711775862069
1056.452393097472,1058.9552068965518
1056.749676182168,1063.7008448275863
1057.04691338,1067.768534482759
1057.344104690968,1062.1189655172413
1057.6412501150721,1084.4912586206897
1057.938349652312,1063.022896551724
1058.2354033026877,1058.5032413793103
1058.5324110662,1060.3111034482758
1058.829372942848,1059.6331551724138
1059.126288932632,1065.7346896551724
1059.4231590355519,1089.236896551724
1059.719983251608,1065.282724137931
1060.0167615808,1082.683396551724
1060.313494023128,1075.2259655172415
1060.6101805785918,1056.2434137931036
1060.906821247192,1068.4464827586207
1061.203416028928,1078.6157068965517
1061.4999649237998,1062.7969137931036
1061.796467931808,1065.7346896551726
1062.092925052952,1076.807844827586
1062.389336287232,1060.5370862068967
1062.6857016346478,1061.2150344827585
1062.9820210952,1053.3056379310347
1063.278294668888,1053.5316206896555
1063.574522355712,1060.5370862068964
1063.8707041556718,1077.0338275862068
1064.166840068768,1061.8929827586207
1064.462930095,1067.0905862068964
1064.7589742343678,1065.9606724137932
1065.054972486872,1087.6550172413793
1065.350924852512,1067.3165689655175
1065.646831331288,1062.1189655172413
1065.9426919231998,1053.0796551724138
1066.238506628248,1069.8023793103446
1066.534275446432,1072.5141724137932
1066.829998377752,1087.4290344827587
1067.125675422208,1086.525103448276
1067.4213065797999,1067.3165689655173
1067.716891850528,1077.0338275862068
1068.0124312343917,1075.6779310344828
1068.307924731392,1056.4693965517242
1068.603372341528,1082.683396551724
1068.8987740648,1059.1811896551724
1069.1941299012078,1074.0960517241379
1069.489439850752,1061.2150344827587
1069.7847039134322,1059.8591379310344
1070.079922089248,1035.9049655172414
1070.3750943782,1067.7685344827585
1070.670220780288,1078.1637413793103
1070.965301295512,1063.700844827586
1071.260335923872,1085.1692068965517
1071.5553246653678,1077.4857931034483
1071.85026752,1056.9213620689657
1072.145164487768,1044.718293103448
1072.4400155686717,1061.8929827586207
1072.734820762712,1054.435551724138
1073.029580069888,1068.4464827586205
1073.3242934902,1069.3504137931034
1073.618961023648,1062.7969137931036
1073.913582670232,1079.0676724137932
1074.2081584299522,1068.8984482758622
1074.5026883028079,1067.5425517241379
1074.7971722887999,1071.158275862069
1075.091610387928,1078.8416896551723
1075.386002600192,1069.8023793103448
1075.6803489255917,1068.4464827586207
1075.974649364128,1063.2488793103446
1076.2689039158001,1067.9945172413793
1076.563112580608,1071.6102413793103
1076.8572753585518,1071.3842586206897
1077.151392249632,1063.4748620689656
1077.4454632538482,1057.1473448275863
1077.7394883712,1056.2434137931034
1078.0334676016878,1072.9661379310346
1078.327400945312,1062.344948275862
1078.621288402072,1070.9322931034483
1078.9151299719679,1082.6833965517242
1079.2089256549998,1081.3274999999999
1079.502675451168,1060.5370862068964
1079.796379360472,1074.999982758621
1080.0900373829118,1053.3056379310344
1080.383649518488,1066.1866551724138
1080.6772157672,1055.5654655172414
1080.970736129048,1072.5141724137932
1081.2642106040319,1076.5818620689656
1081.557639192152,1065.9606724137932
1081.8510218934082,1071.1582758620689
1082.1443587077997,1077.7117758620689
1082.437649635328,1059.1811896551724
1082.730894675992,1082.2314310344827
1083.024093829792,1064.8307586206897
1083.317247096728,1052.4017068965518
1083.6103544768,1069.3504137931034
1083.9034159700082,1072.514172413793
1084.1964315763519,1063.0228965517242
1084.4894012958318,1085.6211724137931
1084.782325128448,1080.4235689655172
1085.0752030742,1055.1135
1085.368035133088,1058.729224137931
1085.660821305112,1070.254344827586
1085.953561590272,1072.9661379310342
1086.246255988568,1080.8755344827584
1086.5389044999997,1082.2314310344827
1086.831507124568,1063.9268275862069
1087.1240638622721,1085.3951896551723
1087.416574713112,1079.2936551724138
1087.7090396770877,1066.8646034482758
1088.0014587542,1076.1298965517242
1088.2938319444481,1067.3165689655173
1088.586159247832,1075.451948275862
1088.878440664352,1076.8078448275862
1089.170676194008,1079.5196379310344
1089.4628658368,1067.3165689655173
1089.755009592728,1093.0786034482758
1090.047107461792,1060.989051724138
1090.339159443992,1079.2936551724138
1090.6311655393279,1066.1866551724138
1090.9231257477998,1072.2881896551726
1091.215040069408,1082.683396551724
1091.506908504152,1069.1244310344828
1091.798731052032,1066.638620689655
1092.0905077130478,1086.7510862068966
1092.3822384872,1073.1921206896552
1092.673923374488,1084.7172413793103
1092.9655623749118,1076.1298965517242
1093.2571554884719,1083.361344827586
1093.548702715168,1053.7576034482759
1093.840204055,1066.6386206896555
1094.131659507968,1064.6047758620691
1094.423069074072,1082.4574137931036
1094.7144327533122,1084.265275862069
1095.005750545688,1078.6157068965517
1095.2970224511998,1074.0960517241379
1095.588248469848,1072.2881896551723
1095.8794286016318,1060.9890517241379
1096.1705628465518,1082.005448275862
1096.461651204608,1077.4857931034483
1096.7526936758,1060.7630689655173
1097.043690260128,1077.2598103448277
1097.3346409575918,1063.2488793103448
1097.6255457681918,1076.5818620689656
1097.9164046919282,1064.604775862069
1098.2072177288,1061.8929827586207
1098.497984878808,1079.9716034482758
1098.788706141952,1078.3897241379311
1099.0793815182321,1062.1189655172413
1099.3700110076477,1078.6157068965517
1099.6605946102,1077.9377586206897
1099.951132325888,1065.9606724137932
1100.2416241547119,1081.1015172413795
1100.5320700966718,1073.192120689655
1100.822470151768,1079.9716034482758
1101.11282432,1084.9432241379309
1101.403132601368,1071.1582758620689
1101.6933949958718,1070.0283620689656
1101.983611503512,1073.4181034482758
1102.2737821242881,1060.9890517241379
1102.5639068582,1064.8307586206895
1102.8539857052479,1078.8416896551723
1103.144018665432,1074.9999827586207
1103.434005738752,1080.1975862068966
1103.7239469252079,1085.6211724137931
1104.0138422247999,1079.9716034482758
1104.3036916375281,1074.7740000000001
1104.593495163392,1065.282724137931
1104.8832528023918,1080.6495517241378
1105.1729645545279,1074.9999827586205
1105.4626304198,1053.5316206896555
1105.752250398208,1049.915896551724
1106.041824489752,1077.033827586207
1106.331352694432,1074.5480172413795
1106.6208350122479,1082.683396551724
1106.9102714431997,1084.4912586206897
1107.199661987288,1074.5480172413795
1107.489006644512,1079.7456206896552
1107.778305414872,1062.7969137931036
1108.0675582983679,1054.435551724138
1108.356765295,1081.7794655172413
1108.645926404768,1037.9388103448277
1108.935041627672,1061.8929827586207
1109.2241109637118,1066.6386206896555
1109.5131344128881,1076.129896551724
1109.8021119752,1064.8307586206897
1110.0910436506479,1072.9661379310344
1110.379929439232,1075.2259655172415
1110.668769340952,1077.0338275862068
1110.957563355808,1071.6102413793103
1111.2463114838,1081.3274999999999
1111.535013724928,1067.9945172413793
1111.8236700791922,1093.3045862068966
1112.112280546592,1084.0392931034482
1112.400845127128,1073.8700689655175
1112.6893638208,1069.5763965517242
1112.977836627608,1063.7008448275865
1113.2662635475517,1066.8646034482758
1113.554644580632,1058.2772586206897
1113.842979726848,1057.8252931034483
1114.1312689862,1081.1015172413793
1114.4195123586878,1063.7008448275863
1114.707709844312,1054.435551724138
1114.995861443072,1074.5480172413793
1115.283967154968,1061.2150344827583
1115.57202698,1070.480327586207
1115.860040918168,1072.2881896551723
1116.1480089694721,1085.3951896551723
1116.4359311339117,1057.5993103448277
1116.723807411488,1083.8133103448276
1117.0116378022,1053.7576034482759
1117.299422306048,1075.451948275862
1117.587160923032,1060.9890517241379
1117.874853653152,1077.033827586207
1118.162500496408,1101.4399655172415
1118.4501014528,1074.5480172413795
1118.7376565223278,1066.4126379310349
1119.0251657049919,1083.1353620689656
1119.3126290007922,1049.0119655172416
1119.600046409728,1071.158275862069
1119.8874179318,1073.8700689655175
1120.174743567008,1067.5425517241379
1120.4620233153519,1065.0567413793103
1120.7492571768319,1068.4464827586207
1121.0364451514479,1064.3787931034483
1121.3235872392002,1077.2598103448277
1121.610683440088,1056.9213620689654
1121.8977337541119,1063.7008448275863
1122.184738181272,1046.300172413793
1122.4716967215682,1083.3613448275864
1122.758609375,1072.514172413793
1123.0454761415679,1061.667
1123.332297021272,1052.6276896551724
1123.619072014112,1056.4693965517242
1123.9058011200877,1093.3045862068964
1124.1924843391998,1058.2772586206897
1124.479121671448,1076.5818620689656
1124.7657131168319,1082.4574137931036
1125.0522586753518,1074.3220344827585
1125.338758347008,1080.8755344827591
1125.6252121318,1060.3111034482758
1125.911620029728,1064.8307586206897
1126.1979820407919,1068.898448275862
1126.484298164992,1068.4464827586205
1126.7705684023279,1078.6157068965517
1127.0567927527998,1063.926827586207
1127.342971216408,1076.129896551724
1127.6291037931521,1069.1244310344828
1127.915190483032,1059.6331551724138
1128.201231286048,1057.825293103448
1128.4872262022,1082.005448275862
1128.773175231488,1069.576396551724
1129.059078373912,1050.3678620689657
1129.3449356294718,1065.0567413793106
1129.630746998168,1065.5087068965518
1129.9165124800002,1075.9039137931036
1130.2022320749677,1068.4464827586205
1130.487905783072,1060.3111034482758
1130.773533604312,1075.451948275862
1131.0591155386878,1065.2827241379307
1131.3446515862,1087.881
1131.630141746848,1071.158275862069
1131.915586020632,1083.8133103448276
1132.200984407552,1056.9213620689657
1132.486336907608,1082.2314310344827
1132.7716435208,1068.898448275862
1133.0569042471282,1083.1353620689656
1133.3421190865918,1068.2205
1133.6272880391919,1069.8023793103448
1133.912411104928,1076.3558793103448
1134.1974882837999,1062.7969137931036
1134.4825195758078,1063.926827586207
1134.767504980952,1062.344948275862
1135.052444499232,1075.4519482758622
1135.337338130648,1079.2936551724138
1135.6221858751999,1085.3951896551723
1135.906987732888,1036.130948275862
1136.191743703712,1068.2205
1136.476453787672,1093.9825344827586
1136.761117984768,1066.8646034482758
1137.045736295,1076.5818620689656
1137.3303087183679,1069.5763965517242
1137.6148352548719,1084.0392931034482
1137.899315904512,1071.3842586206897
1138.183750667288,1063.248879310345
1138.4681395431999,1057.5993103448277
1138.7524825322478,1056.2434137931036
1139.036779634432,1059.6331551724138
1139.321030849752,1059.4071724137932
1139.605236178208,1067.0905862068967
1139.8893956197999,1074.3220344827587
1140.173509174528,1072.7401551724138
1140.457576842392,1068.4464827586207
1140.7415986233918,1057.3733275862069
1141.025574517528,1061.4410172413795
1141.3095045248,1064.8307586206897
1141.593388645208,1069.3504137931034
1141.8772268787518,1082.2314310344825
1142.161019225432,1071.6102413793105
1142.444765685248,1077.2598103448277
1142.7284662582,1071.3842586206897
1143.012120944288,1064.604775862069
1143.295729743512,1069.5763965517242
1143.579292655872,1055.1135
1143.8628096813677,1073.8700689655172
1144.14628082,1066.638620689655
1144.4297060717681,1059.1811896551724
1144.713085436672,1083.1353620689656
1144.9964189147117,1059.4071724137934
1145.279706505888,1078.8416896551723
1145.5629482102001,1077.2598103448277
1145.846144027648,1071.8362241379311
1146.1292939582318,1065.5087068965518
1146.412398001952,1072.5141724137932
1146.6954561588082,1073.192120689655
1146.9784684287997,1062.3449482758622
1147.261434811928,1073.6440862068966
1147.544355308192,1060.5370862068964
1147.827229917592,1076.129896551724
1148.1100586401278,1077.4857931034483
1148.3928414758,1058.5032413793103
1148.6755784246081,1071.61024137931
1148.958269486552,1058.729224137931
1149.240914661632,1058.2772586206897
1149.523513949848,1084.265275862069
1149.8060673512,1063.4748620689654
1150.088574865688,1070.2543448275862
1150.371036493312,1070.0283620689654
1150.6534522340721,1068.898448275862
1150.9358220879678,1070.7063103448277
1151.2181460549998,1064.6047758620691
1151.500424135168,1078.1637413793105
1151.782656328472,1084.9432241379309
1152.0648426349119,1072.9661379310344
1152.3469830544877,1065.9606724137932
1152.6290775872,1059.6331551724138
1152.911126233048,1072.2881896551721
1153.193128992032,1065.05674137931
1153.4750858641519,1067.7685344827587
1153.756996849408,1051.7237586206895
1154.0388619478,1051.9497413793104
1154.3206811593277,1074.0960517241379
1154.602454483992,1081.5534827586205
1154.884181921792,1068.6724655172416
1155.165863472728,1065.5087068965518
1155.4474991368,1075.9039137931036
1155.729088914008,1075.2259655172415
1156.010632804352,1071.6102413793105
1156.2921308078319,1055.1135000000002
1156.573582924448,1076.5818620689656
1156.8549891542,1079.5196379310344
1157.1363494970878,1070.4803275862068
1157.4176639531117,1091.4967241379313
1157.698932522272,1050.3678620689655
1157.980155204568,1067.9945172413793
1158.261332,1059.1811896551726
1158.5424629085678,1072.7401551724138
1158.823547930272,1066.1866551724138
1159.1045870651121,1088.3329655172415
1159.385580313088,1070.480327586207
1159.6665276741999,1059.8591379310342
1159.947429148448,1073.6440862068962
1160.228284735832,1079.9716034482758
1160.5090944363517,1068.2205
1160.789858250008,1066.1866551724138
1161.0705761768,1080.6495517241378
1161.351248216728,1072.2881896551721
1161.6318743697918,1067.3165689655173
1161.912454635992,1061.441017241379
1162.192989015328,1073.6440862068966
1162.4734775078,1074.0960517241379
1162.753920113408,1052.4017068965518
1163.034316832152,1068.898448275862
1163.3146676640322,1072.5141724137932
1163.5949726090478,1059.407172413793
1163.8752316671998,1058.9552068965518
1164.155444838488,1080.8755344827587
1164.4356121229118,1079.5196379310346
1164.7157335204718,1082.909379310345
1164.995809031168,1078.1637413793105
1165.2758386550001,1072.2881896551723
1165.555822391968,1059.1811896551724
1165.835760242072,1076.5818620689656
1166.115652205312,1065.0567413793106
1166.395498281688,1076.1298965517244
1166.6752984712,1074.3220344827587
1166.955052773848,1068.4464827586203
1167.234761189632,1065.7346896551724
1167.5144237185518,1061.2150344827587
1167.7940403606078,1060.3111034482758
1168.0736111157998,1093.5305689655172
1168.3531359841281,1081.3274999999999
1168.632614965592,1071.158275862069
1168.9120480601919,1070.9322931034483
1169.191435267928,1060.5370862068964
1169.4707765888002,1061.2150344827587
1169.750072022808,1079.9716034482758
1170.029321569952,1053.0796551724136
1170.308525230232,1074.0960517241379
1170.587683003648,1075.2259655172413
1170.8667948901998,1054.8875172413793
1171.145860889888,1075.6779310344828
1171.424881002712,1065.960672413793
